0123456789
9876543210
0000000000000000
1111111111111111
2222222222222222
3333333333333333
4444444444444444
5555555555555555
6666666666666666
7777777777777777
8888888888888888
9999999999999999
1234567890123456
6543210987654321
3516041234567890
3517082345678901
3201011201970001
3275014403920007
3578260101850001
1271065207850010
6471032101990001
3171014502880001
6205031512000001
3516082907930002
3515076803920004
7371012508890003
1802040509000001
3273022212900005
5201032006950001
3402021507870003
1207264109920002
3328020411850004
0 1 2 3 4 5 6 7 8 9
00 11 22 33 44 55 66 77 88 99
01 10 02 20 03 30 04 40 05 50
06 60 07 70 08 80 09 90
12 21 13 31 14 41 15 51
16 61 17 71 18 81 19 91
23 32 24 42 25 52 26 62
27 72 28 82 29 92 34 43
35 53 36 63 37 73 38 83
39 93 45 54 46 64 47 74
48 84 49 94 56 65 57 75
58 85 59 95 67 76 68 86
69 96 78 87 79 97 89 98